-180.000
-179.000
-178.000
-177.000
-176.000
-175.000
-174.000
-173.000
-172.000
-171.000
-170.000
-169.000
-168.000
-167.000
-166.000
-165.000
-164.000
-163.000
-162.000
-161.000
-160.000
-159.000
-158.000
-157.000
-156.000
-155.000
-154.000
-153.000
-152.000
-151.000
-150.000
-149.000
-148.000
-147.000
-146.000
-145.000
-144.000
-143.000
-142.000
-141.000
-140.000
-139.000
-138.000
-137.000
-136.000
-135.000
-134.000
-133.000
-132.000
-131.000
-130.000
-129.000
-128.000
-127.000
-126.000
-125.000
-124.000
-123.000
-122.000
-121.000
-120.000
-119.000
-118.000
-117.000
-116.000
-115.000
-114.000
-113.000
-112.000
-111.000
-110.000
-109.000
-108.000
-107.000
-106.000
-105.000
-104.000
-103.000
-102.000
-101.000
-100.000
-99.0000
-98.0000
-97.0000
-96.0000
-95.0000
-94.0000
-93.0000
-92.0000
-91.0000
-90.0000
-89.0000
-88.0000
-87.0000
-86.0000
-85.0000
-84.0000
-83.0000
-82.0000
-81.0000
-80.0000
-79.0000
-78.0000
-77.0000
-76.0000
-75.0000
-74.0000
-73.0000
-72.0000
-71.0000
-70.0000
-69.0000
-68.0000
-67.0000
-66.0000
-65.0000
-64.0000
-63.0000
-62.0000
-61.0000
-60.0000
-59.0000
-58.0000
-57.0000
-56.0000
-55.0000
-54.0000
-53.0000
-52.0000
-51.0000
-50.0000
-49.0000
-48.0000
-47.0000
-46.0000
-45.0000
-44.0000
-43.0000
-42.0000
-41.0000
-40.0000
-39.0000
-38.0000
-37.0000
-36.0000
-35.0000
-34.0000
-33.0000
-32.0000
-31.0000
-30.0000
-29.0000
-28.0000
-27.0000
-26.0000
-25.0000
-24.0000
-23.0000
-22.0000
-21.0000
-20.0000
-19.0000
-18.0000
-17.0000
-16.0000
-15.0000
-14.0000
-13.0000
-12.0000
-11.0000
-10.0000
-9.00000
-8.00000
-7.00000
-6.00000
-5.00000
-4.00000
-3.00000
-2.00000
-1.00000
0.00000
1.00000
2.00000
3.00000
4.00000
5.00000
6.00000
7.00000
8.00000
9.00000
10.0000
11.0000
12.0000
13.0000
14.0000
15.0000
16.0000
17.0000
18.0000
19.0000
20.0000
21.0000
22.0000
23.0000
24.0000
25.0000
26.0000
27.0000
28.0000
29.0000
30.0000
31.0000
32.0000
33.0000
34.0000
35.0000
36.0000
37.0000
38.0000
39.0000
40.0000
41.0000
42.0000
43.0000
44.0000
45.0000
46.0000
47.0000
48.0000
49.0000
50.0000
51.0000
52.0000
53.0000
54.0000
55.0000
56.0000
57.0000
58.0000
59.0000
60.0000
61.0000
62.0000
63.0000
64.0000
65.0000
66.0000
67.0000
68.0000
69.0000
70.0000
71.0000
72.0000
73.0000
74.0000
75.0000
76.0000
77.0000
78.0000
79.0000
80.0000
81.0000
82.0000
83.0000
84.0000
85.0000
86.0000
87.0000
88.0000
89.0000
90.0000
91.0000
92.0000
93.0000
94.0000
95.0000
96.0000
97.0000
98.0000
99.0000
100.000
101.000
102.000
103.000
104.000
105.000
106.000
107.000
108.000
109.000
110.000
111.000
112.000
113.000
114.000
115.000
116.000
117.000
118.000
119.000
120.000
121.000
122.000
123.000
124.000
125.000
126.000
127.000
128.000
129.000
130.000
131.000
132.000
133.000
134.000
135.000
136.000
137.000
138.000
139.000
140.000
141.000
142.000
143.000
144.000
145.000
146.000
147.000
148.000
149.000
150.000
151.000
152.000
153.000
154.000
155.000
156.000
157.000
158.000
159.000
160.000
161.000
162.000
163.000
164.000
165.000
166.000
167.000
168.000
169.000
170.000
171.000
172.000
173.000
174.000
175.000
176.000
177.000
178.000
179.000
180.000
